1 1 1 1 1 1 1 1 1 1 1 1 1 1 1 1 1 1 1 1
1 0 0 0 0 0 1 0 0 0 1 0 0 0 1 0 0 0 0 1
1 2 0 a 0 0 0 0 0 b 1 0 0 0 1 0 0 f 0 1
1 0 0 0 0 0 1 0 0 0 0 0 0 0 1 0 0 0 0 1
1 1 1 0 1 1 1 0 0 0 1 0 c 0 1 1 1 0 1 1
1 0 0 0 0 0 1 0 0 0 1 0 0 0 1 0 0 0 0 1
1 0 0 0 0 0 1 1 1 1 1 1 0 1 1 0 0 0 0 1
1 0 0 0 0 0 1 0 0 0 1 0 0 0 1 0 0 0 0 1
1 0 0 i 0 0 0 0 k 0 1 0 0 0 1 0 0 0 0 1
1 1 1 0 1 1 1 0 0 0 1 0 d 0 0 0 0 e 0 1
1 0 0 0 0 0 1 0 0 0 0 0 0 0 1 1 1 1 1 1
1 0 0 0 0 0 1 0 0 0 1 0 0 0 1 0 0 0 0 1
1 3 0 j 0 0 0 0 0 0 1 0 0 0 1 0 0 0 0 1
1 1 1 1 1 1 1 1 0 1 1 1 0 1 1 0 0 0 0 1
1 0 0 0 1 0 0 0 0 0 1 0 0 0 1 0 0 0 0 1
1 0 0 0 1 0 0 0 0 0 0 0 0 0 1 0 0 0 0 1
1 0 m 0 0 0 0 0 l 0 1 0 g 0 0 0 0 h 0 1
1 0 0 0 1 0 0 0 0 0 1 0 0 0 1 0 0 0 0 1
1 0 0 0 1 0 0 0 0 0 1 0 0 0 1 0 0 0 0 1
1 1 1 1 1 1 1 1 1 1 1 1 1 1 1 1 1 1 1 1